repeat,modeltype,target,area,elev,forest,wetland,urban,ag,roads,randomized_spec_power_1.5,randomized_spec_power_3.0,randomized_spec_power_6.0,randomized_spec_power_12.0,randomized_spec_power_24.0,randomized_spec_power_48.0,randomized_spec_power_96.0,randomized_spec_power_192.0,randomized_spec_power_384.0,normalRandom
0,RFR,doc,0.02677383024889754,0.05621526928286656,0.22329565122476483,0.32267308142826,0.019964305573396648,0.0844664303240449,0.033019958058364135,0.020432087820493876,0.02221052680859012,0.021205872942310702,0.02273805296115842,0.019307776206307872,0.03194201485734976,0.026713279850830326,0.01849146457330976,0.02161847082806592,0.028931927010988664
0,RFR,no3,0.04939999565742042,0.14267373642092873,0.07753014126613927,0.040870014219116256,0.18154647365641416,0.14101402384185452,0.05437622901022394,0.024662410234343665,0.045950077682620695,0.02452580146725537,0.029844185208301902,0.0279070389165833,0.026751169779794467,0.033074531288116396,0.025458825920128603,0.03699842833586987,0.03741691709488858
0,RFR,tn,0.026454162337642258,0.030496255382157944,0.0896827390377908,0.03175628964289445,0.09959271102866446,0.44348764727873563,0.05403208663183017,0.030815585769322865,0.022264064949538014,0.02722659041164228,0.024943499743513044,0.020211204402173614,0.026833290580001806,0.01790110874725573,0.01675571454061596,0.01686127514253264,0.02068577437368833
0,RFR,tp,0.05587388188260639,0.04356144949663252,0.35431248599518667,0.031918449678513615,0.10459888085748968,0.06192767060218773,0.04487757703165224,0.028329666694574766,0.03534641858153731,0.03953293864277705,0.03067999874608378,0.02532670865314839,0.028516057899185442,0.02720352428965949,0.023519115715917787,0.025771541201376244,0.038703634031470965
0,RFR,random,0.05806079902453717,0.0482431757403188,0.05810404257972566,0.048119701288992234,0.051160429271486986,0.04004339054090288,0.05430522525896046,0.061489762824439985,0.060014501657552344,0.05710197453987103,0.06327178052828464,0.05665444567919349,0.0743243661686729,0.05550713517957478,0.08376838610474598,0.06365246825794829,0.06617841535479237
1,RFR,doc,0.02867235271019182,0.050802413925113525,0.22045466929998125,0.32351897134674995,0.019508306009706357,0.09104518319871058,0.03622088775575098,0.019957918698077327,0.0227085630075185,0.01937515027878503,0.02369880570978341,0.017778408561507527,0.029964999335921692,0.025692750105818535,0.020322763293494295,0.02038184898303292,0.029896007779856335
1,RFR,no3,0.050668458504732,0.1434649491014313,0.0861165406826864,0.04064905046455758,0.18259283380231894,0.13096942271361028,0.05542026087961788,0.023179253063432832,0.04482393902227562,0.025857284120641116,0.030332726369930098,0.029293188557100933,0.026158761111116403,0.03162029551728954,0.02385437688921049,0.03789845400398303,0.037100205196065654
1,RFR,tn,0.027751992947243183,0.02643942839410029,0.0961848957043136,0.03015289871621157,0.10191781701819802,0.43961286805529876,0.05221252712944931,0.03179591693950537,0.023639007658734338,0.02542752200705397,0.02447790077843404,0.01958497278547762,0.028258914040770865,0.019035725693613503,0.014837305222287461,0.017307732905435,0.021362574003873216
1,RFR,tp,0.06206175701519308,0.04279124677648835,0.3462549820254022,0.031440316855407276,0.10355885315528413,0.06383611242479822,0.050473086152091555,0.028730173273484608,0.03517898233192153,0.038351043481696115,0.029953359581682295,0.02525055616797099,0.02946459440837582,0.024778462336041897,0.024749850492986284,0.02724934328221321,0.03587728023896243
1,RFR,random,0.053822009438137385,0.049014704401034274,0.059416468997007865,0.04961137289992644,0.049521280711189594,0.040066658381156695,0.0638407899528698,0.06603876706456945,0.06324030645370743,0.05357723028251159,0.06237109489072394,0.04880386368236635,0.06844267437201773,0.06100746783107804,0.08054943889064031,0.06592826570862005,0.06474760604244306
2,RFR,doc,0.024802993405973896,0.04854270298002954,0.23732593788179435,0.3145695897438485,0.01986260542832626,0.08625610489422571,0.03466760749254987,0.01932862346735367,0.02408937334795976,0.02134419726006171,0.022132290244287433,0.018519693229760034,0.028066165332441224,0.028181819339732354,0.019794033872973377,0.02071558424409453,0.03180067783458769
2,RFR,no3,0.03988205697942703,0.1610403927064046,0.0811650990318541,0.03478423958326353,0.17715582625182466,0.1349592802807709,0.05307667240332072,0.025541736896425044,0.042790608758388034,0.02506067171231137,0.02915429706882969,0.027558175162205614,0.026276978909606844,0.030866577252903774,0.02461774195387691,0.04578853838421184,0.04028110666437534
2,RFR,tn,0.024280610285029338,0.02749371363418028,0.0996940394511571,0.029621959548345896,0.09449975513886434,0.4403820028880689,0.051462782634921336,0.03376151288351855,0.022957430637105362,0.02818751669343613,0.022000574654216426,0.022514980004430144,0.02891856644807253,0.018560503728403198,0.016999991083599574,0.018256168723969422,0.02040789156268136
2,RFR,tp,0.0590367001168129,0.045068025096207755,0.3452526363663633,0.02989373832615931,0.1029041265256141,0.05944182181652041,0.049317069471644326,0.0319592924865478,0.03606113018505915,0.037590160005966426,0.029227736811005843,0.027263383033615248,0.029249041868747577,0.027287640527732623,0.0272682420835272,0.02727175621827844,0.03590749906019763
2,RFR,random,0.05707180867956055,0.04473658639253893,0.05801780168617205,0.04922961097866098,0.05161894023658682,0.04127568908490029,0.06322029197471284,0.06441321339246604,0.0597742804211301,0.05474155840228699,0.06247421156337795,0.05177899638088891,0.07472734405553623,0.05732329470893648,0.08271293147862334,0.06553328021441157,0.061350160349209995
3,RFR,doc,0.025444057091127,0.04826021407199112,0.21419840808236776,0.3293090360386774,0.02163089697766529,0.08851488159922337,0.032474895154589234,0.01980020625504742,0.024594976485303392,0.02197615715940852,0.02422978057638992,0.018666947209657874,0.030026067621823912,0.027621317388117392,0.019606523368752835,0.022869872655726542,0.030775762264130847
3,RFR,no3,0.043784914742243504,0.1588162070821382,0.0797004773845447,0.03699165996188125,0.1653109649869919,0.12257918714971369,0.07224186550585504,0.027016448932782225,0.04586903915356988,0.027486737470501708,0.030290042288842394,0.028483411831198978,0.023760797990575008,0.02926543728335551,0.023516122157449453,0.04378029618343654,0.041106389894920124
3,RFR,tn,0.0231092582731708,0.03182224724435275,0.09925588517033154,0.03185053875102306,0.09314866325557752,0.4422550072090259,0.0503280646313608,0.03909674293874158,0.02363609481536309,0.023566249835641456,0.020844943211802643,0.021627587505714807,0.024607061697024195,0.01823960776870874,0.016911778722213985,0.018080428767685192,0.02161984020226185
3,RFR,tp,0.06066060052929792,0.04827913194708318,0.3519935687604348,0.03321752071014879,0.09967877286070166,0.054737786632250256,0.04968226868533136,0.02977287103756616,0.031070203062918158,0.03756188641290753,0.028844803200665518,0.02409617973422564,0.030482334422677223,0.025925492799997753,0.02493684230741386,0.028792661316529692,0.04026707557985059
3,RFR,random,0.05837031566879365,0.05304581966546378,0.05471452601408263,0.04760715636312004,0.04804228595985474,0.038697414152151575,0.060362743663198194,0.06142730190938406,0.06800008105813347,0.05824843032635177,0.06329378003785231,0.05327665735534235,0.07509362215597187,0.056390987692011736,0.0763972812968982,0.06381666247222821,0.06321493420916152
4,RFR,doc,0.02529469795156681,0.049329065591103984,0.2145230071673042,0.3325965455952663,0.020206389240395067,0.0869358737997587,0.0357769446948236,0.021316599967361967,0.023825588512211206,0.02097314919593003,0.023501836851841793,0.019639701856611222,0.029253613921478964,0.02737511743665716,0.018407220892786694,0.019945375117393315,0.031099272207508858
4,RFR,no3,0.0476865117991309,0.14023026491785953,0.0797226127984684,0.037055531347251446,0.1813874819665753,0.1338520878526913,0.06636299220025758,0.025573885892407992,0.047140853149120476,0.024638032828967756,0.03054765854157958,0.027706077673140473,0.026275093348894375,0.02803534016197913,0.028177349761928747,0.03601525480005859,0.039592970959688466
4,RFR,tn,0.024600202210469064,0.03007980102728247,0.09994619703850008,0.02662016205038151,0.0986396624447232,0.4375909872054267,0.054253523542736895,0.03353611552627011,0.021271157270284922,0.026079983062030368,0.023159934421303995,0.020832788596709798,0.028220170711266923,0.01854576748404836,0.01658582066513742,0.01906383525119152,0.02097389149223668
4,RFR,tp,0.06219407003091347,0.046038626443501825,0.35421537789073937,0.031034791023826797,0.09891143103547795,0.05964521991930749,0.050091286637113375,0.02520675471685971,0.035311258922561886,0.04138208586441642,0.027043719715700427,0.023515058954277794,0.03020357801166717,0.025982975870498595,0.02659252930648843,0.025665480024169334,0.03696575563247998
4,RFR,random,0.05798382183383639,0.04974516699090198,0.05749265639503873,0.047534818370911745,0.05288925963023447,0.03677305621726769,0.05801863390740792,0.06214382353283122,0.06310681575588184,0.058693517025693816,0.06273386676628807,0.05419561321904141,0.0732894933090453,0.05835325410810828,0.08374598982032337,0.06182242576998031,0.06147778734720732
5,RFR,doc,0.029393250587410297,0.04478924537504022,0.22495317963717562,0.32063957082468386,0.01994556230384938,0.08970932816570817,0.03176869213631212,0.02073247427584423,0.02524320006682576,0.02057798891626269,0.025648688955651696,0.01903873237444496,0.027125591142661457,0.02799737540971191,0.021294590300326967,0.022366154884074816,0.028776374644015626
5,RFR,no3,0.04149534009393551,0.15479737186395442,0.08252366210707969,0.03991089310831553,0.16005551334512988,0.13151109764432006,0.0713244732296917,0.025164663282496436,0.04251842728748934,0.02640196998338664,0.0325243956162716,0.026792467347947317,0.02607371249224553,0.031605042392088084,0.027809880833410718,0.04102542407006267,0.03846566530217496
5,RFR,tn,0.02325228363932776,0.03157906334561733,0.09224332351894231,0.03069545238024268,0.10410607454533609,0.4359321092192959,0.053790952789472775,0.03438146217371192,0.02586075337652177,0.025507860219071293,0.022258561580345688,0.02139110574071627,0.026414721764643743,0.017368151614143738,0.016052324404600145,0.01744871735455225,0.021717082333458187
5,RFR,tp,0.06193135164969329,0.04662547680087975,0.3529429234987252,0.03342858575484626,0.1026173513561651,0.05564736744856415,0.046329423108043784,0.029330322506091903,0.032859544588667064,0.036232626932920016,0.0290683697380828,0.02534287108104259,0.029004782895121817,0.026685125192108985,0.0260567803155246,0.028845389273112188,0.03705170786041058
5,RFR,random,0.05445748682646443,0.05722131618178799,0.05567814475641198,0.05282157942736152,0.049525345454068545,0.035794710262682564,0.05871584131947063,0.06533270461204722,0.06653303544599798,0.060065381077035546,0.06497747754209982,0.04790712836053635,0.07028200714386336,0.05610502269965816,0.07813756858137139,0.06432247776466202,0.06212277254448049
6,RFR,doc,0.023999842696960635,0.050067703050666566,0.2211601100263738,0.32836510362527316,0.019164626004482793,0.08897029806566074,0.034049045550668434,0.019989639310492434,0.022715014288649134,0.021618115969668072,0.022203093360534183,0.018953364854431057,0.03198625388702606,0.026023095155591737,0.020527211339692934,0.02465288495008148,0.025554597863746795
6,RFR,no3,0.05002180234385951,0.16072745685779466,0.07809217408119734,0.03692161615059637,0.17359427331170849,0.12839145649720146,0.0539241170071785,0.02428138811810126,0.04565741077553783,0.027911804372054996,0.030413481483150814,0.028140586606052995,0.02505677543087819,0.03230527664906515,0.025954099480329104,0.0422640181407257,0.03634226269456761
6,RFR,tn,0.023897435304442,0.030045210796928446,0.09604094055458748,0.03223899167939073,0.09996811179808743,0.43734294345348523,0.05175599953290847,0.035536145268583744,0.02395830766980417,0.027329394724520006,0.022235803699447908,0.018473460384229166,0.027618351829937337,0.017226468115878794,0.01671415562090159,0.018602084646562808,0.021016194920304758
6,RFR,tp,0.060136463083998774,0.049987073305861524,0.3540949594435965,0.03378460754110379,0.09795048906097505,0.05613707496954878,0.050642440721836574,0.02864884163218522,0.033192034624863066,0.03721864140035084,0.03211277831964149,0.022921440663386174,0.027986803989942657,0.02661241305999017,0.025688720195297807,0.027195570466546425,0.03568964752087533
6,RFR,random,0.059731759224555404,0.05400830545615717,0.05289211912816995,0.049360922483538745,0.05283660779433351,0.042510643061938545,0.0555745555378873,0.06369076419516775,0.06193936500852776,0.056164794070864756,0.06425718018184484,0.05411625899210286,0.06884371427766175,0.05975502581958781,0.07358389326527627,0.06893857550945236,0.06179551599293337
7,RFR,doc,0.026792207607306724,0.046897041547635125,0.21488318863129913,0.3344257687161104,0.020092301654470783,0.08433681539487783,0.031341755889632825,0.021072959486641767,0.02518556256749594,0.017527574473265584,0.025908117715954998,0.020345136257289675,0.031429364171892585,0.030205272099486334,0.01912628223705072,0.021287495882976452,0.029143155666613064
7,RFR,no3,0.048814547063523055,0.15068096279236382,0.07703307119200535,0.039346299207561504,0.16973283136521428,0.137127888706876,0.058408148503113134,0.024968681988720667,0.0454483882315313,0.025692997575721983,0.03124842153500316,0.02917972169805469,0.027957135996909303,0.029288339864728688,0.02530865240861129,0.04034598197677652,0.03941792989328527
7,RFR,tn,0.024293228098481917,0.031577690116137466,0.09235893946830034,0.0304013526289464,0.1075261540418781,0.4299648477952049,0.052560528209263824,0.03800058583909024,0.02048866491808755,0.030125688707880308,0.02221600985698605,0.01593116538259874,0.029681466639541777,0.019168221186202372,0.016983508797746967,0.018558573584378988,0.0201633747292741
7,RFR,tp,0.06367170161548691,0.04537835186328563,0.3443032903676641,0.034572494301217595,0.0969359692127875,0.060614614278497,0.04728488476359118,0.027206234390769288,0.0331807388296223,0.04016623716892369,0.030904441876804096,0.02737056240158992,0.031062533750934197,0.026668784693877113,0.0255204338511711,0.027133312788300588,0.03802541384547777
7,RFR,random,0.05627054569627156,0.05040268490225609,0.0590084133766816,0.04835598848385007,0.058390435658705095,0.03677123103636486,0.05737888138494349,0.06111067540492574,0.062460310864211235,0.061724450611007856,0.05863475403297903,0.05401424093478398,0.07107214958195361,0.05521905526127629,0.08254647157771623,0.06490583620345124,0.06173387498862208
8,RFR,doc,0.0257796843765644,0.04826383149159832,0.2298617749753026,0.3193559166550855,0.021178145752183436,0.08573590000892703,0.03281106768017237,0.02093279576694091,0.02456242384471091,0.020208816828773377,0.023769833045169907,0.02034559973556599,0.030540091721670402,0.02602833663895673,0.019655227635301652,0.020368355697948978,0.0306021981451276
8,RFR,no3,0.045475817423971956,0.14821447396344697,0.07809494396094425,0.03707142789302045,0.17175550351851543,0.13750641014378137,0.06285625374571559,0.024743681107284657,0.04511176732891288,0.025439203400690554,0.03510187675749754,0.029798269101954756,0.023797501255545413,0.031071610446870884,0.025157157282863538,0.041153758525109024,0.0376503441438746
8,RFR,tn,0.023890017041215593,0.032649650090820305,0.10285962774038664,0.02938597742685495,0.09770410791178437,0.43388044837105405,0.05405043194594672,0.03418115446658882,0.02389221160304971,0.025814814753643268,0.021294680241908295,0.019090961014505404,0.027505047838689213,0.018220010387819053,0.014814249946039595,0.018271839809505024,0.022494769410188912
8,RFR,tp,0.055711157415314835,0.05031666855039115,0.34553421912056237,0.03274519075766797,0.10279166315761656,0.06313541660918726,0.0494862623783674,0.028683793117102854,0.03514430533452331,0.03768839996377099,0.02686855583169307,0.023371493061959816,0.027218215885526798,0.02773857215961092,0.026312211328878638,0.02886864649003388,0.03838522883779231
8,RFR,random,0.059947573448999494,0.04999364008913702,0.060808383013258444,0.04599937831852924,0.049791688145497226,0.04119933513914004,0.06276200268075144,0.060377215778905716,0.06291727104307197,0.05556897916689646,0.06421352302268103,0.054042573211992996,0.06834174499098172,0.05785223040949221,0.07717865820440002,0.06585954990187785,0.0631462534343871
9,RFR,doc,0.029083327936062477,0.04383120822786659,0.22461309076205233,0.3212573693093452,0.02019626463490006,0.09233114748615423,0.03418099782799444,0.01977346766534274,0.022449051151529113,0.02074699085552656,0.021489373471278727,0.01889459383408529,0.031426765254362235,0.02870329861269648,0.019935804525256326,0.02191287395371979,0.029174374491827453
9,RFR,no3,0.04553828503065937,0.15033971262833953,0.0758206236221369,0.037258819773596415,0.182736339639891,0.13163751595685683,0.06443294489902124,0.027444453944103584,0.045666346441192614,0.025706355570050948,0.031177482772248757,0.029485143412940933,0.02471185206331559,0.028858301466087685,0.024825672200454337,0.03749508102984852,0.03686506954925575
9,RFR,tn,0.024400545797333733,0.0298389904741336,0.09502696291747442,0.029463389118949634,0.09881665934551878,0.44144180395114235,0.05270150512880933,0.03431316032243613,0.021951275884839905,0.02461793004367066,0.025107181843980596,0.020515028394844304,0.027841569703722063,0.017464388096461,0.01712274600751661,0.01666292383586899,0.022713939133297847
9,RFR,tp,0.06144453968792953,0.0524802050905218,0.346054754816451,0.03268782350085299,0.10840490869294604,0.05725371360189363,0.04532984971522119,0.030969260507419574,0.033524395770040384,0.03414138193144776,0.027931399629149346,0.02470098704236464,0.028910407628512352,0.026501641971366386,0.023873382091096053,0.02732380782693986,0.03846754049584752
9,RFR,random,0.05933094536845309,0.050687970469573525,0.05587396778344231,0.05186942377020576,0.05194373510115222,0.04212372806324458,0.06071571777949675,0.06193506233077529,0.0642498122134129,0.06243676936166161,0.06030613768740059,0.05379573177340734,0.0659614083174187,0.0604191144077259,0.07446316637883135,0.05945152788222083,0.06443578131157734
10,RFR,doc,0.02648417820824012,0.051730692894538376,0.21400367123813846,0.32247202857438556,0.021834901375213392,0.09072938049953336,0.035228893741895695,0.019580468911117675,0.02183882889943847,0.020744254525296817,0.024619695842681397,0.017263070872680832,0.03250958339489693,0.026361749458032033,0.018856037196909124,0.0222310783794923,0.03351148598750954
10,RFR,no3,0.048463080794071044,0.14855419612878473,0.08285748357422891,0.039497805696208636,0.17969334984456803,0.12649993072154506,0.05990154255003444,0.024785191071247173,0.04891962990521859,0.024626701863871375,0.030494666531365882,0.029847091647427985,0.02587693596670764,0.03108002932799766,0.023197718428313422,0.03805575558989845,0.03764889035851088
10,RFR,tn,0.025659559242099977,0.02995687334122502,0.09844373965823125,0.030576257114341258,0.10115466427449427,0.43329052374277544,0.05302385853263676,0.036212529744657884,0.022640630296673916,0.025837916350429993,0.022568333822749146,0.01887630894643551,0.02989560302788015,0.016954270378841185,0.01712741397528872,0.016355829310549116,0.021425688240690535
10,RFR,tp,0.06071036525960691,0.04811426246268538,0.3519434803076956,0.03500753314178356,0.0985452694891364,0.055329250554131,0.042877296393483325,0.030834607786608747,0.03452592545445245,0.03703721545899205,0.031027598364551653,0.027673993272932886,0.02988982122784339,0.026441402170095493,0.025523150640138003,0.0283376949050025,0.036181133110860575
10,RFR,random,0.05832825552893902,0.04983644888981383,0.057482527025446824,0.045388035471914424,0.05006319431605941,0.04045057739615974,0.06077414740373743,0.06493635900326991,0.06724438883237617,0.0551680600503739,0.06518208359363922,0.05211646778585767,0.07213188036786458,0.05556167236731612,0.07663603445602954,0.06391953980497861,0.06478032770622368
11,RFR,doc,0.02651033970965362,0.050247107091725356,0.21823619571074127,0.32685267622799025,0.02116721668642677,0.08820993404636117,0.03582674700779462,0.0188757255552267,0.022393085760394796,0.019591501317103615,0.022711462106494038,0.018595372711702692,0.03351325578623978,0.025788905627438692,0.01906998060512303,0.02084589100285117,0.031564603046732434
11,RFR,no3,0.04451187726891907,0.16308053337404427,0.07547400746514343,0.03528107770042426,0.17303617548938854,0.13469804544050623,0.058259105588128635,0.023027062364866787,0.04496117027242803,0.029119490526352484,0.031844854720154636,0.027592876712028726,0.02734093004387181,0.028557224972222888,0.025298419590079155,0.040513443928335315,0.0374037045431058
11,RFR,tn,0.023671677666241377,0.032837531648841914,0.09950056283936182,0.02948909527700384,0.10221458645925352,0.4296433540898018,0.05348122691000417,0.03488881670467728,0.02452952677514334,0.02563009002699182,0.022191373221585278,0.021304949522727313,0.027657263561861257,0.017676116739108877,0.0143694392305883,0.018880179481937386,0.02203420984487065
11,RFR,tp,0.059985108834449775,0.04937027328753682,0.35265690525324384,0.030051715737108915,0.10694686615351746,0.05506600158759433,0.04361081438789535,0.02935405400278096,0.03325327770551856,0.03660437674575778,0.03079489389965434,0.02730648738886465,0.026342150224661822,0.02511817810850351,0.026552400567837295,0.02906705822908772,0.03791943788598673
11,RFR,random,0.058950257843974646,0.05768331276289002,0.052676174471950776,0.04616281702218107,0.045964036451282116,0.03914506450178924,0.06216139530072192,0.06119183991356832,0.06267672078883084,0.06732654534355191,0.06570157232252671,0.0471356910102809,0.06751871864480584,0.05730975977961935,0.07527606810059795,0.06316592190919633,0.0699541038322321
12,RFR,doc,0.029043408974801087,0.04988582193478593,0.2261223865017542,0.3173763451593122,0.020971439725854885,0.08821237345417973,0.029558477669000355,0.020188805276197364,0.024269958975323157,0.020422300816411013,0.02393905357087966,0.017310770968932493,0.029426868185874925,0.02618673460078983,0.019487115974415957,0.024071037160195815,0.033527101051291405
12,RFR,no3,0.04422522096197648,0.1434104136788671,0.07974656580430113,0.036835025136335964,0.1769297651273314,0.140297152011557,0.05873661845961638,0.024348980338629332,0.0475936326281473,0.025762059318577394,0.033159927175623445,0.02974620912821674,0.025984247658463883,0.03108451809242541,0.02602177406938886,0.03814712310052854,0.0379707673100136
12,RFR,tn,0.025944893431025993,0.030537492082616472,0.0957234099433105,0.028954594454462995,0.10251207780697087,0.43712768853422024,0.050416877197297975,0.03192487442382427,0.021030142145919892,0.02571916625821909,0.025091388286775408,0.021145309426349197,0.029587560894357712,0.019193704731641392,0.016012274114149502,0.018985159516903844,0.02009338675195468
12,RFR,tp,0.05855811869630362,0.046865890246292174,0.3440512625009344,0.03191035003559473,0.10917123021251383,0.050848229872745225,0.050922505893261374,0.0330635010433193,0.03554977581224435,0.038683065700676755,0.03129101445326583,0.024494105764730878,0.028728135996522363,0.025454383564611494,0.02578771069590389,0.02850251809298781,0.0361182014180921
12,RFR,random,0.05818445837485571,0.04930097115121911,0.05428932062716168,0.05047655469445491,0.05167547467988851,0.041082695364126766,0.05809833098066844,0.0643280517665979,0.06623695544455091,0.05707204595035194,0.0663794648134465,0.04941848944534164,0.06977982339861494,0.05606719292675938,0.07784312443590306,0.06492731705891235,0.0648397288871463
13,RFR,doc,0.026647439322465646,0.04935202442931666,0.22078426881832539,0.32169459227074954,0.021005059868936336,0.0831409064572292,0.0322539147756055,0.020549077847381754,0.02525837161660627,0.0207188772322093,0.023268529888909744,0.02199506508361196,0.03220503634666352,0.02607359190865471,0.019449992172105572,0.022391762978847683,0.03321148898238119
13,RFR,no3,0.04537761014380744,0.15540429305850845,0.0880394687724635,0.036029270898396554,0.16823225105907064,0.1296997804616572,0.06062098599255664,0.025793301679610522,0.0429899822539256,0.023056492098738855,0.031002799006874384,0.031096111717035132,0.02677452400372525,0.03154491889743531,0.027682945701325422,0.03770579430282626,0.03894946995204279
13,RFR,tn,0.02551577963644611,0.03344843928056321,0.10259870507049866,0.030225402041718162,0.09335717771586298,0.43340441899179516,0.05411955083557984,0.034948792207406605,0.022415260553118415,0.026920285160128725,0.023945401600192692,0.019900121467386313,0.02923102944500335,0.0174443918244448,0.0164091516621094,0.016834889149697385,0.019281203358048338
13,RFR,tp,0.05885823582001424,0.05097867677776256,0.35778799977070214,0.03226888094379099,0.09880978064374438,0.05765909393656953,0.0478591349201475,0.029649872387189767,0.034043124246072046,0.035751174629054056,0.027609811491014512,0.022478303184333148,0.029064258451626843,0.02606930421231563,0.026842816049358707,0.027802139544432385,0.0364673929918715
13,RFR,random,0.05549784942062199,0.05564744190231515,0.05817990603336261,0.048278406531411536,0.047262238213146075,0.041813623474750254,0.05657140498179435,0.060366023440410796,0.06558436666508634,0.056712421415017644,0.06662624126089205,0.05249461956048138,0.0729920019329331,0.06267780331373132,0.07738456150881641,0.0603561854925174,0.061554904852711624
14,RFR,doc,0.02568572265040675,0.05019135637967103,0.2269356008056402,0.31670043775576584,0.021099852309913576,0.08990383116649636,0.03143973447403645,0.02131048195498828,0.02328166479994862,0.019923851668422195,0.02286083364351859,0.021118109655814753,0.031373658324741045,0.025791469853785103,0.019892902615232813,0.019975556585983992,0.032514935355634406
14,RFR,no3,0.04137067416051682,0.13830186158491042,0.079464793988165,0.03812336575235867,0.18118441131453328,0.1369722662506466,0.06673629088806754,0.025422903141224182,0.04415530748513908,0.02682001439966451,0.029440669379658533,0.029984613966389496,0.026427726323930863,0.029496162400241395,0.025520242859126095,0.04308798627704696,0.03749070982838054
14,RFR,tn,0.02215306249962182,0.029848942070000342,0.0998255516414654,0.02961232709416194,0.10319328806082552,0.4388925968237308,0.05036167223824281,0.033051859406654095,0.02186434006411627,0.024743246108335323,0.020548758939387176,0.021840724183311983,0.027459404676360294,0.02021971057101638,0.016324045758828443,0.018708117840199313,0.021352352023742114
14,RFR,tp,0.06116487123393334,0.044748427675448586,0.3577951862980394,0.029293639698527756,0.10459793045343034,0.053200388764236765,0.04871951411171067,0.03029979084351125,0.030539130829096182,0.040465734895775755,0.027315197062313872,0.024333831973295278,0.02954100521014389,0.027779252230171116,0.0269080317170853,0.02628720490308737,0.03701086210019309
14,RFR,random,0.05788549288021328,0.052546732599554405,0.059757003841927,0.049128464480614975,0.05380134782868031,0.04094641367395726,0.06081703192873075,0.06342752604747727,0.06261347737474234,0.05886344535588587,0.05593787516206157,0.0525217309074813,0.0665636571731957,0.05702073877718283,0.07748125020527842,0.06514641520052217,0.0655413965624946
15,RFR,doc,0.02837565113501948,0.05043609727451129,0.2211566242228538,0.32202574513935556,0.021365526959290886,0.08823346159811421,0.03179312141958706,0.020919119024376764,0.02442366904438856,0.019296985182084097,0.02412394079495829,0.019161454999512155,0.028190380368237674,0.027199681741407584,0.020480592584346428,0.02272857551054482,0.030089373001411495
15,RFR,no3,0.04335800990797582,0.15208764023579097,0.08275761554548904,0.04144004781867889,0.18494827335890557,0.12623389714617858,0.04958942668451509,0.025280605033652745,0.046219968430891975,0.02630668114420292,0.030396900972592195,0.02951944057129556,0.028036057209243313,0.03152674515878691,0.025598547441110762,0.038825665907020065,0.03787447743366972
15,RFR,tn,0.024354350682085232,0.032161455511128374,0.1016969772857102,0.03178466787247204,0.09887675958014676,0.43137309869376916,0.0622054519807031,0.02931173795108926,0.02330026584508254,0.02394197336474188,0.022949272227840087,0.020053829799203365,0.027018720509463273,0.018087305279970708,0.016782035410235704,0.015855047462362257,0.02024705054399607
15,RFR,tp,0.056301873738392086,0.05077314162405054,0.35307304050403965,0.02776681473973771,0.10455448291375585,0.051126213894705085,0.04922700886584374,0.03139870647696058,0.03408743284807448,0.03892839961774661,0.02708849862774738,0.027307721533347557,0.029033293235032637,0.026848607100873854,0.02624279182737763,0.02732298719898712,0.03891898525332749
15,RFR,random,0.057499353307774205,0.057107567105879206,0.05037776724394928,0.050405480693578496,0.043160285783786945,0.039634741231887934,0.05663188941654959,0.06183736859233864,0.06030505088321265,0.06352617017610553,0.06238563653151126,0.054826582693513856,0.07054907879916623,0.05880815794847349,0.08567152358347283,0.06327408093427805,0.06399926507452185
16,RFR,doc,0.0289305927134505,0.04998063331451264,0.2266410725721801,0.31983201719616383,0.0215417571853308,0.08736990206586243,0.03314633456631507,0.019870106922510854,0.025150058587421982,0.02057992100841492,0.022823303687064977,0.017450980919524454,0.026922169436226835,0.02609236284683158,0.020457458795967498,0.01987552179531893,0.03333580638690261
16,RFR,no3,0.04504818607487749,0.14684186336526506,0.08271601016088584,0.03916062239293479,0.17163267010473893,0.13362443116970588,0.06225815321003487,0.025501157258614585,0.04357351806062097,0.025468802387089057,0.03203224621921104,0.02959888019612853,0.026816758441492464,0.030666686687758436,0.026571260382756604,0.039521892939760585,0.038966860948124855
16,RFR,tn,0.022797661433629216,0.02867863167004555,0.09091570554448879,0.03197799185513369,0.10127503474447491,0.44018626385482446,0.058045709185825405,0.03676960936375869,0.023906480395949555,0.02563697109100075,0.019998015431962654,0.019938722637358023,0.02814994949254604,0.018104887568108324,0.015381787154807411,0.017291710687870093,0.020944867888216374
16,RFR,tp,0.05893582142675882,0.04623208591333751,0.34599910291411257,0.031002672738676768,0.10670871569387891,0.05709879723590305,0.04719671421836916,0.030949636683012306,0.03600973269386532,0.03783805342840472,0.03131257432533412,0.02529640187891719,0.030270655086338104,0.024840957576055867,0.026573893277491475,0.02732316388115903,0.0364110210283852
16,RFR,random,0.05975472917000789,0.049370486062088714,0.05766817349523587,0.048163671587048845,0.05204662971897846,0.042213400835692,0.0581288206226962,0.06555578284613132,0.06823109438790226,0.05230572417486319,0.06314443744687886,0.05380382898274138,0.06793148931619415,0.059588104648363,0.07544604442651594,0.0666484027058085,0.05999917957285343
17,RFR,doc,0.02695402799019383,0.04727012644814078,0.22245882242368176,0.32676403698914375,0.022866096499398563,0.0910941369263024,0.03226238104487811,0.017836353494931272,0.022645828324772247,0.019449550339031774,0.022781687408916798,0.018290331405067653,0.03212934413144332,0.02692553750250155,0.019376060783031158,0.021139446784895263,0.0297562315036699
17,RFR,no3,0.04554227990085318,0.13798345220583774,0.077613475610166,0.03898671365352679,0.18464759623928714,0.13854973321749892,0.06051278252407878,0.02444469424710581,0.04915851577419218,0.026718197545491745,0.032017821906575844,0.0268695043975024,0.02654906294692766,0.027848503480562996,0.02796115782717078,0.036068786706725274,0.0385277218164968
17,RFR,tn,0.024107698823626848,0.031203813418727244,0.10239524091974732,0.03158659834035335,0.0970197751728314,0.4302451259725675,0.05498048422769615,0.036375030081791306,0.022803607159986514,0.025714712560795425,0.01981904439638634,0.021916184886230546,0.027216003151489105,0.01732009584797442,0.0167088757922065,0.017787900951765554,0.02279980829582446
17,RFR,tp,0.05911264282138699,0.0502150112249326,0.3541863870332925,0.03327609170031307,0.10406870957038855,0.05096298521160454,0.04767759910376361,0.030079962175812228,0.033795925263837116,0.037155458412458986,0.03033654694154023,0.02455213726558869,0.03095613625071647,0.02775515888371839,0.0238106648127322,0.02484254314658556,0.03721604018132814
17,RFR,random,0.060984310596707086,0.05074321055443518,0.057458578885481414,0.05292296860401283,0.05057308804061295,0.03852856554134365,0.06462225030048889,0.060822280151198706,0.06392469598041092,0.05855821032272282,0.05998662059609054,0.05129990966013015,0.06918203663752578,0.05168750016691157,0.08351599236579045,0.06346186151287757,0.06172792008325939
18,RFR,doc,0.026982631976344425,0.04555126867943144,0.22515920978119333,0.31632220362982083,0.020692057124279357,0.09355258592308129,0.030608748171913606,0.020233448149174445,0.02301719476557973,0.020728903092140025,0.022147473512278592,0.02008065465060027,0.03338967320028716,0.027334761738617548,0.02051410626322012,0.021983704230673702,0.03170137511136421
18,RFR,no3,0.04403493885069048,0.15832468023261112,0.08182388973674025,0.03914510750482195,0.1626580825858899,0.12958874056342629,0.06265684329577863,0.02600966758289928,0.04461452615855287,0.027925567060104906,0.03285818593209855,0.0326892315359654,0.02660314437013003,0.0319732095093595,0.023835056797176957,0.039588399508308586,0.03567072877544519
18,RFR,tn,0.022183959250149606,0.02598411120057663,0.08969096774393925,0.03215490077615807,0.09856779709385316,0.4503207178279888,0.053752871630076755,0.034311887939459655,0.025331098190281624,0.025098541322122563,0.022267019104194215,0.02084743959392624,0.025741027858497106,0.01724855117133529,0.01619654912179064,0.019891085474951328,0.020411474700699168
18,RFR,tp,0.0608982865442165,0.0468890363542309,0.34752051836330466,0.03550759288801495,0.10191119809476094,0.05605960816377189,0.046917445412298926,0.03031893701535231,0.03491445703946865,0.03814921541606365,0.030522982034660293,0.02717453283358279,0.028881481271908167,0.027018138499137364,0.024223245144760833,0.025885299463845893,0.037208025460621255
18,RFR,random,0.06197784983000939,0.05220819479234012,0.05845607583829366,0.04537821955974832,0.054901520803005664,0.03718748625092837,0.05980518171336146,0.060341347835204916,0.061047511434961114,0.059649890400627494,0.06579467679863286,0.049516021571563235,0.06981116309639061,0.05574728808849817,0.0800018269728461,0.06527047323200771,0.06290527178158069
19,RFR,doc,0.025555338507422098,0.046094293412022466,0.22419285343706136,0.32725520464051366,0.019769086504977777,0.08690428702596739,0.034811512089231965,0.019100436536470682,0.023896969783015004,0.021794845935075816,0.023227994668148098,0.019438992948440245,0.031791223587222764,0.02748486472780747,0.018290247881485776,0.02028530203991577,0.030106546275221625
19,RFR,no3,0.045770053985712746,0.12428498604333978,0.08631565631417396,0.040404137080536986,0.18748281443398135,0.13634816343875417,0.06001223976320435,0.024403551641511215,0.045223390837442284,0.025135635775909604,0.031248494838813774,0.03187424677952147,0.027875343982642794,0.030763705560221836,0.025122898778537323,0.03739680054739546,0.04033788019830094
19,RFR,tn,0.02191788011123142,0.03213325744128955,0.0874087975482764,0.030589984594395592,0.10306600044521057,0.44329860858873993,0.05232182742835733,0.03832894193163907,0.020721322818427187,0.024731478047674577,0.02560361524265706,0.01875899190285878,0.027216294498288725,0.01924531986380455,0.01619737727587705,0.017233917218428076,0.021226385042843923
19,RFR,tp,0.06023106893267394,0.04847456668734909,0.3517474449984496,0.030178468294925258,0.10720687139703781,0.05897359734380144,0.0447401141019986,0.02854021614061058,0.03109465973338105,0.03642057764753054,0.03132626591591876,0.024251030545696904,0.03133425503472422,0.025144247219716892,0.02554796329318398,0.02772228031090658,0.037066372402094705
19,RFR,random,0.05918970203298615,0.05346490003419098,0.0554193382261925,0.04565758259693808,0.051029660406916255,0.0393708625105279,0.06131477144806996,0.06125215572240487,0.061416120593654776,0.060506972298449584,0.06189479571851706,0.049989139317203286,0.07449362301122857,0.05995557567985455,0.07837613711717747,0.06298374158968661,0.06368492169600143
20,RFR,doc,0.027835489944867602,0.04821178520826281,0.22365016376556046,0.3244847758662627,0.02052772102588555,0.09128001510686337,0.02707994277815296,0.020218904117336733,0.0243487033241132,0.018417133996657398,0.024296185394372033,0.019050828856634068,0.030563338201220498,0.025301299966168624,0.01873705298178564,0.02199647850474978,0.034000180961106706
20,RFR,no3,0.045697137785828575,0.1677024869472828,0.07664225748203304,0.03686580672040837,0.15936219136191546,0.12653224422853557,0.062351918300852884,0.0251193219400553,0.04907395320180469,0.027753611552240598,0.03317234204753857,0.02951169192964741,0.025948323559707064,0.030198878689314708,0.026756312666676624,0.04014550245770857,0.037166019128449884
20,RFR,tn,0.025253946644969646,0.032423921042242766,0.08740031526985684,0.028196519751958964,0.10850274190914451,0.43603894112142483,0.054808744289603264,0.03578973789867278,0.023407409006224133,0.028464707343806708,0.0213665896763848,0.018230267159022918,0.02695654925986574,0.018226495102321966,0.016295361088652874,0.017164726991014696,0.021473026444832732
20,RFR,tp,0.06304598284786864,0.04953962954460462,0.3549261127282739,0.03378067886877017,0.10048168000186919,0.04786155206053317,0.04621523333067457,0.027880266132389406,0.03509253985831717,0.036624173187851695,0.03152381503455746,0.02680327660864777,0.031248786453806486,0.02731981340694092,0.024676692047522174,0.028254431902693288,0.0347253359846792
20,RFR,random,0.0571625476086104,0.04755254828580482,0.056073337196123056,0.054391406682311724,0.05321065221740447,0.04218587459220707,0.06114438801023232,0.059553859347274335,0.06816085863167001,0.05471608969967831,0.05859982265447733,0.05426072283360494,0.0680913516196388,0.05607375754347787,0.08408753139853445,0.06517339814012865,0.059561853538821374
21,RFR,doc,0.02718008544768481,0.0504758050829338,0.21843037298709014,0.3372963766364083,0.02122942429908585,0.08519598955785168,0.03413570214059338,0.01999903638021431,0.02027442431353497,0.017449643653983615,0.023864449619902292,0.018053761294103427,0.03175075078418093,0.026212274611287816,0.01956876069867568,0.02227954930704882,0.02660359318542014
21,RFR,no3,0.040819496306489185,0.1540630866269256,0.07478603307408478,0.03863972597022738,0.16399773290310535,0.12996138139497035,0.0697604191908164,0.02729540304787802,0.04756158289447057,0.02823028655355875,0.03515573166188371,0.029222278941765184,0.025679379188084252,0.030819606899842217,0.024999486033249755,0.042340763634106354,0.03666760567854218
21,RFR,tn,0.02522843386761692,0.028664849357890487,0.0891057882009934,0.028895701178145095,0.10975341727102064,0.4409978634663738,0.05425331856995391,0.03747671390353368,0.02292086350462701,0.023788590768169856,0.020780050902583155,0.019355537619111695,0.029670028840789814,0.01720047262533481,0.014241268201560686,0.01653050063706434,0.021136601085230775
21,RFR,tp,0.05911180140018806,0.04809815591879994,0.3545718315022178,0.032688483557683015,0.10355948537883534,0.05723532211916034,0.0485490995967969,0.030123606859675866,0.030294879755311515,0.0370479157817218,0.029927333259294562,0.025034337278278435,0.026062787893548385,0.025605905618093328,0.02510257754041562,0.03081609527898096,0.036170381260998224
21,RFR,random,0.054205748215531105,0.05471672120672597,0.05499541237668137,0.0502102929879307,0.059698761410737176,0.03685591565563407,0.058361536257155275,0.06654133172183667,0.06427824684729291,0.06054771577290226,0.06061083956587229,0.054016717677870404,0.06445184095397818,0.06153199829587758,0.07619833597762214,0.06285614233957477,0.059922442736777146
22,RFR,doc,0.024532586717400336,0.051767720752430114,0.22633184588083238,0.3205758381046666,0.018766767735476943,0.08592318646530125,0.03856964776889144,0.020268190941034332,0.024108351795198317,0.017925809372550647,0.021604429166270905,0.02173574700843282,0.03299264258913955,0.025706269097060475,0.020722626248229518,0.020902035021719865,0.027566305335364506
